0 0.293269 0.0228365 0.120192 0.0408654
0 0.894231 0.0204327 0.139423 0.0360577
0 0.0372596 0.973558 0.0745192 0.0528846
0 0.435096 0.97476 0.134615 0.0504808
0 0.283654 0.831731 0.139423 0.115385
0 0.0264423 0.0492788 0.0528846 0.0985577
0 0.963942 0.246394 0.0673077 0.194712
0 0.765625 0.754808 0.112981 0.163462
0 0.810096 0.47476 0.0865385 0.228365
0 0.71875 0.832933 0.149038 0.137019
0 0.97476 0.0877404 0.0504808 0.175481
0 0.780048 0.0300481 0.141827 0.0600962
0 0.194712 0.395433 0.115385 0.161058
0 0.393029 0.514423 0.146635 0.134615
0 0.706731 0.967548 0.125 0.0649038
0 0.235577 0.740385 0.129808 0.153846
0 0.405048 0.361779 0.132212 0.165865
0 0.387019 0.889423 0.120192 0.216346
0 0.813702 0.942308 0.127404 0.115385
0 0.939904 0.947115 0.120192 0.105769
0 0.411058 0.046875 0.110577 0.09375
0 0.679087 0.532452 0.15625 0.151442
0 0.227163 0.569712 0.108173 0.240385
0 0.513221 0.830529 0.194712 0.137019
0 0.0456731 0.759615 0.0769231 0.1875
0 0.677885 0.673077 0.149038 0.168269
0 0.0985577 0.21875 0.173077 0.153846
0 0.707933 0.110577 0.103365 0.211538
0 0.269231 0.258413 0.168269 0.15625
0 0.432692 0.22476 0.173077 0.127404
0 0.564904 0.629808 0.125 0.206731
0 0.403846 0.71875 0.206731 0.149038
0 0.554087 0.450721 0.185096 0.15625
0 0.877404 0.326923 0.1875 0.153846
0 0.484375 0.546875 0.127404 0.161058
0 0.622596 0.100962 0.0961538 0.173077
0 0.338942 0.100962 0.100962 0.177885
0 0.0877404 0.402644 0.161058 0.151442
0 0.0961538 0.645433 0.1875 0.146635
0 0.820913 0.663462 0.117788 0.182692
0 0.0961538 0.521635 0.192308 0.134615
0 0.862981 0.158654 0.163462 0.144231
0 0.522837 0.110577 0.108173 0.221154
0 0.945913 0.677885 0.108173 0.25
0 0.240385 0.106971 0.0913462 0.185096
0 0.897837 0.543269 0.180288 0.158654
