0 0.800481 0.748798 0.177885 0.237981
0 0.326923 0.0288462 0.115385 0.0528846
0 0.0372596 0.774038 0.0649038 0.177885
0 0.439904 0.969952 0.144231 0.0552885
0 0.783654 0.0288462 0.0961538 0.0576923
0 0.96274 0.25 0.0697115 0.197115
0 0.472356 0.0492788 0.117788 0.0985577
0 0.0997596 0.276442 0.199519 0.125
0 0.629808 0.0973558 0.110577 0.175481
0 0.423077 0.272837 0.201923 0.132212
0 0.38101 0.688702 0.15625 0.175481
0 0.679087 0.536058 0.180288 0.149038
0 0.185096 0.429087 0.105769 0.204327
0 0.766827 0.802885 0.1875 0.149038
0 0.304087 0.372596 0.180288 0.163462
0 0.705529 0.109375 0.108173 0.199519
0 0.801683 0.465144 0.170673 0.146635
0 0.870192 0.0480769 0.134615 0.0961538
0 0.0540865 0.137019 0.103365 0.182692
0 0.669471 0.6875 0.127404 0.211538
0 0.522837 0.109375 0.112981 0.21875
0 0.397837 0.483173 0.141827 0.1875
0 0.0973558 0.697115 0.194712 0.149038
0 0.277644 0.820913 0.199519 0.151442
0 0.824519 0.66226 0.129808 0.15625
0 0.551683 0.622596 0.204327 0.144231
0 0.592548 0.88101 0.112981 0.209135
0 0.597356 0.328125 0.185096 0.165865
0 0.253606 0.661058 0.146635 0.168269
0 0.384615 0.885817 0.105769 0.228365
0 0.944712 0.936298 0.110577 0.127404
0 0.865385 0.168269 0.153846 0.158654
0 0.0961538 0.402644 0.182692 0.146635
0 0.24399 0.105769 0.103365 0.182692
0 0.950721 0.677885 0.0985577 0.216346
0 0.549279 0.460337 0.194712 0.165865
0 0.0985577 0.530048 0.192308 0.161058
0 0.147837 0.103365 0.103365 0.192308
0 0.88101 0.329327 0.185096 0.153846
0 0.134615 0.875 0.115385 0.216346
0 0.830529 0.951923 0.141827 0.0913462
0 0.341346 0.0997596 0.115385 0.199519
0 0.897837 0.545673 0.175481 0.149038
