0 0.334135 0.03125 0.0961538 0.0432692
0 0.71875 0.0252404 0.110577 0.0408654
0 0.967548 0.971154 0.0649038 0.0576923
0 0.0504808 0.971154 0.100962 0.0480769
0 0.30649 0.97476 0.132212 0.03125
0 0.739183 0.759615 0.127404 0.149038
0 0.9375 0.957933 0.0913462 0.0793269
0 0.0901442 0.280048 0.146635 0.15625
0 0.78726 0.0288462 0.0985577 0.0528846
0 0.0228365 0.135817 0.0456731 0.122596
0 0.0444712 0.753606 0.0889423 0.141827
0 0.951923 0.896635 0.0961538 0.129808
0 0.967548 0.753606 0.0649038 0.151442
0 0.566106 0.3125 0.189904 0.125
0 0.96274 0.25601 0.0745192 0.194712
0 0.43149 0.0456731 0.127404 0.0913462
0 0.715144 0.858173 0.127404 0.225962
0 0.63101 0.231971 0.170673 0.117788
0 0.625 0.106971 0.120192 0.170673
0 0.685096 0.634615 0.129808 0.201923
0 0.524038 0.615385 0.163462 0.168269
0 0.950721 0.447115 0.09375 0.129808
0 0.268029 0.825721 0.194712 0.141827
0 0.342548 0.102163 0.112981 0.175481
0 0.49399 0.790865 0.117788 0.192308
0 0.09375 0.402644 0.182692 0.141827
0 0.533654 0.408654 0.139423 0.192308
0 0.423077 0.240385 0.129808 0.153846
0 0.108173 0.18149 0.1875 0.117788
0 0.313702 0.300481 0.194712 0.139423
0 0.711538 0.109375 0.0865385 0.204327
0 0.396635 0.710337 0.182692 0.15625
0 0.842548 0.789663 0.117788 0.175481
0 0.354567 0.550481 0.161058 0.168269
0 0.872596 0.164663 0.163462 0.141827
0 0.102163 0.0649038 0.165865 0.125
0 0.78125 0.510817 0.173077 0.15625
0 0.90625 0.627404 0.1875 0.134615
0 0.251202 0.668269 0.141827 0.177885
0 0.0913462 0.530048 0.182692 0.132212
0 0.41226 0.409856 0.127404 0.199519
0 0.597356 0.867788 0.112981 0.245192
0 0.661058 0.43149 0.134615 0.170673
0 0.389423 0.883413 0.125 0.213942
0 0.871394 0.0552885 0.137019 0.110577
0 0.520433 0.110577 0.108173 0.221154
0 0.0949519 0.671875 0.189904 0.161058
0 0.878606 0.332933 0.175481 0.161058
0 0.237981 0.09375 0.0961538 0.182692
0 0.828125 0.955529 0.137019 0.0889423
